# Created by Octave 5.2.0, Thu May 07 07:58:55 2020 GMT <unknown@KARAN-PC>
# name: Theta2
# type: matrix
# rows: 10
# columns: 26
 -4.4885400300908449 0.57064175374103221 -1.2722425029428877 2.1411911770820518 -2.4213554354369298 -0.89229482367708368 -0.84313972760672795 -1.2033575292349621 -1.3261226223192906 0.60166904943792188 -2.3617962174449509 -2.8967077304501703 0.75675286904956351 3.9271606066818512 1.069307078448493 -2.7375059695167745 2.9559566521647538 -0.59518930855948959 0.95743964231490475 0.33973587080290241 1.331190615369803 -0.48031598305721723 1.785513906422463 2.3738071060416095 -0.34408141846180651 -1.518865443542526
 -3.2267134827306889 -2.7075471332935583 -2.264243462996395 -2.9770312758471627 -2.0523916734084202 -0.86426015736367889 -1.1023328070860492 3.9730634598063399 2.8909403762520314 -0.31482176840665094 -1.1675810214376137 1.6999880645530334 -3.0003938124125624 1.9383000141150266 0.295817257280996 2.8769363508945545 -1.3811584858803905 -1.7273887661876328 -2.3409632831303129 -0.4771729342060953 2.6429383739837911 -2.8120755624378182 0.3351723844276619 1.2758973678007381 2.684189924463813 -2.2025518751509678
 -5.355944120508946 1.3468944673585579 1.2977399079268443 -3.9265807885430193 2.0068638674354906 0.98991075475856671 -5.0445471833102298 -3.287999406495079 0.081417337836321879 -0.57477120126609338 -0.64627008624287829 2.84154106734151 1.1141113015625113 -3.2570625901914361 2.960749517722379 -1.5206833882007071 3.2499171414279098 -2.8353615757545372 -2.444026314713732 -2.0535719504704746 0.34071438601903548 1.1630612920740337 -0.26841426202818919 -0.29489159469897941 1.347812209139472 0.77897291100866206
 -4.7952297876894816 -2.1995515245311528 1.7755227611429898 0.51669216030423148 1.7694068471365725 0.33912108585477363 1.2283135953710227 0.1383018062284824 -2.7696638205580411 -4.4005236706383828 0.30009164984622222 0.014958623051617952 -3.376240174802692 -1.0610484623775251 -0.18103313377589203 -0.49232121515591798 1.9564153454281867 0.74042180020755088 -2.1696458311726725 3.3374736726503529 -0.45344601744317237 -0.17536726122530835 4.5391151801362506 -0.55107252203554691 -2.6473939384281446 -1.9589246024976801
 -4.5653681789326992 2.5543515243847281 1.2258014377000799 0.91523646731286412 -0.47361928516292556 -2.7742241032225228 2.5514533197176719 1.6299389435911489 2.6834188040438329 -1.6861058573398642 1.7796839302417256 -4.0697015964719476 -1.4327659697218338 -2.2334761813678647 2.0770215860338888 -2.5509056661105252 -2.2654269706147421 -1.9212417896539764 4.8269555788494776 1.1210150857770755 2.0089446728390796 -3.7123415513243665 -0.35777735787700821 -0.54795143693350268 2.5344512144068068 0.93841178488159938
 -3.4378163579295782 2.4363894841026856 -1.8250316932788309 1.3061238475150863 -0.57036015762245829 0.86542432829815552 -1.7927586084995006 -1.5086402362859053 -1.8937182630323632 2.9392283515703101 -2.8798605751658823 -1.3412551489604152 -2.1773905128830195 -1.2621579699721714 -1.3723959296541759 1.5559825972527845 -0.59581302722163632 2.1079324450801371 2.9462661140484845 -1.0710314750320802 -1.9973252450688037 2.3032465988131183 0.89838322685476579 -2.9630649104168056 -0.59551703888336416 -0.95753176107684912
 -2.8451718412870886 1.1674145507898359 -2.7983877559480423 -1.5268489825601639 1.8015756776295735 -2.8292662336156096 -0.84086779159011915 -2.2191750979522178 1.0785592167604723 -1.9404686547484089 1.9350416052653177 -1.9032185291009267 0.64209100506474925 1.4055318073788423 0.7941158344971746 2.7630371564245202 -1.8296549890923226 3.3306492940754402 0.23616208111985759 -2.7422066074939075 -0.82166852004717117 0.40128416296565494 0.94411192119319898 1.0226831814067889 -3.9303741751861883 2.9515158805588424
 -2.4571817621328615 -3.3091393798159663 -2.3365814366170063 1.9169669848410731 -3.6434573501724001 1.2859757655205988 -1.9776270544850083 -0.26698814510244934 -3.2629519800288338 -0.61470827385625171 4.6025461779796526 0.35813075257860816 0.039188074301871982 -0.3464776309815556 -1.8823222434136044 -1.384372750071998 -2.010519736110262 -3.1100475271688084 -2.3327604340816226 1.9798486203467682 -4.3452676908010881 1.7327962991438941 -1.1853907344217116 -1.7239864174086277 1.0232627364490832 2.9261464950567961
 -3.2551921749528683 -1.2604252724250757 2.6929575720571752 0.42453600989812662 -0.047016551579454953 2.1089216428981272 0.86078470000867136 1.1030878642512187 -2.7894957116895012 -0.032518326369507293 -1.1725527405152147 0.38772759827106412 2.8093427258420225 1.5265036417865816 0.22543411585970924 -2.3548362673538601 -0.57742173889530801 2.1420301361596263 -0.98058171477110712 -4.0294796261985333 0.41404490444023895 -1.8196739309814467 -4.9451539632251027 -3.663898927579587 3.6965761426695916 -4.2633423006980067
 -4.1477911716880094 1.2755770767506613 1.6883850165509149 -1.7535497550733909 -0.85118880512576744 -2.5930795449726456 2.4512824760778256 -0.3856775351312528 -2.0596997495576193 1.59603648734718 -1.8380921274397641 0.76893658995257541 1.7930964315023892 -0.5866606632274749 -4.2763735091778186 1.7493684865263621 -0.088566250827391488 -2.0016779852460713 -1.0236935609936224 0.9386439744351629 0.92957579915717026 0.63079148146702424 -0.69819752701505 1.0718239319690912 -1.9763316054623079 0.14288334230474603


